2235 2664 -1560
-3254 -828 3899
-1433 -4239 -2435
6364 5415 -3066
-2965 1053 7340
-6184 -8142 -4840
8349 5825 -3499
1311 4777 9899
-10626 -10800 -7264
6086 3648 -2945
7336 8798 11223
-11572 -11048 -9195
306 -263 -1692
11554 11439 11172
-8051 -8738 -10185
-5887 -4318 -167
11495 11610 9846
-1982 -4809 -9933
-9097 -6869 1150
7441 9266 7558
3111 -886 -8355
-7917 -6903 1831
2228 5428 4770
4480 1411 -5600
-3857 -4476 1584
-702 1750 2008
1995 1153 -2031
-276 -689 319
359 -184 -242
-1804 -1501 1845
-60 2781 -1830
4227 467 -1628
-3480 -5375 5461
-3632 4390 -4529
7659 3446 -1995
-1090 -8774 8298
-8649 3388 -7303
7596 7505 -1411
4454 -10203 9980
-11597 130 -9627
3286 10936 -149
9973 -9001 10335
-10199 -4067 -11028
-3164 12295 1371
12163 -5623 9426
-4979 -7489 -11177
-8192 11017 2672
9834 -1448 7535
1072 -8750 -9956
-9170 7653 3315
4709 1811 5103
4515 -7380 -7481
-6168 3638 2997
236 2827 2639
3781 -4025 -4087
-1868 682 1611
-760 1230 628
204 -174 -268
296 43 -725
2000 -2243 -573
-2925 2476 3415
-1491 1994 -3686
6079 -6054 -796
-2650 2738 6431
-6172 5705 -6795
8014 -8523 -95
1594 439 8383
-10528 9599 -9519
5712 -8539 1268
7560 -3505 9069
-11384 12017 -11360
-80 -6030 2881
11694 -7477 8521
-7784 11927 -11960
-6252 -1996 4264
11538 -9851 6992
-1660 9358 -11164
-9412 1917 4968
7395 -9674 4897
3457 5390 -9053
-8169 4115 4672
2109 -7077 2735
4828 1696 -5933
-4046 3732 3250
-876 -3216 984
2334 -172 -2275
-407 999 802
140 216 6
-1474 564 1364
-137 -2855 -2359
3962 1712 -19
-3161 3573 4451
-3646 -6125 -5761
7344 586 866
-794 7557 6570
-8586 -7352 -8860
7237 -2732 2411
4703 10803 7495
-11445 -5945 -11140
2902 -6880 4205
10147 11910 7230
-9960 -2432 -12211
-3542 -10144 5765
12244 10381 5999
-4673 1768 -11881
-8531 -11181 6630
9821 6838 4197
1415 4942 -10196
-9448 -9595 6458
4613 2755 2308
4867 5815 -7428
-6380 -6098 5100
78 -164 807
4126 4088 -4026
-2018 -2215 2634
-966 -715 61
537 565 -532
202 368 -644
1751 1303 259
-2604 -3187 2519
-1528 519 -4268
5784 4995 1371
-2347 -5502 4698
-6138 -1860 -7689
7672 8758 3154
1861 -5327 5760
-10411 -5792 -10374
5336 10953 5201
7765 -2665 5683
-11178 -9638 -11904
-464 10607 7022
11813 1427 4667
-7501 -11795 -12052
-6610 7825 8141
11561 5281 3088
-1327 -11373 -10827
-9716 3742 8194
7327 7333 1417
3811 -8577 -8465
-8406 47 7005
1969 6782 127
5179 -4618 -5389
-4217 -1741 4626
-1068 3932 -409
2672 -1197 -2127
-520 -910 1332
-95 62 7
-1150 214 792
-193 2135 -2423
3684 -3115 1357
-2853 -1002 2931
-3639 6051 -6087
7021 -4182 3408
-513 -4345 4026
-8501 9122 -9115
6873 -2618 5755
4934 -8408 4035
-11273 9989 -11062
2518 980 7901
10302 -11480 3138
-9705 8230 -11669
-3914 5151 9353
12305 -12266 1693
-4355 4533 -10905
-8860 8192 9722
9786 -10439 163
1767 411 -8974
-9713 8875 8803
4497 -6783 -981
5224 -2447 -6270
-6574 6976 6618
-100 -2852 -1358
4470 -2887 -3301
-2149 3364 3416
-1188 -318 -760
866 -783 -591
128 -366 -363
1488 -257 811
-2291 2908 1418
-1543 -2568 -4174
5478 -2692 3130
-2056 6556 2451
-6084 -2247 -7459
7324 -6586 5795
2113 8550 2447
-10274 520 -9755
4958 -10281 8303
7952 7976 1569
-10955 4616 -10770
-844 -12199 10143
11912 5013 161
-7203 8360 -10439
-6960 -11517 10902
11562 853 -1321
-982 10218 -8932
-10009 -8513 10341
7238 -2807 -2403
4171 9456 -6614
-8628 -4449 8449
1810 -4480 -2697
5531 6451 -3973
-4369 -1033 5447
-1278 -3525 -1978
3007 2530 -1525
-611 300 1753
-345 -416 -235
-833 -591 287
-228 -994 -2095
3394 3457 2321
-2556 -1539 1179
-3611 -4347 -5537
6690 6380 5292
-247 137 1074
-8397 -8311 -8091
6507 7042 8169
5147 3771 120
-11083 -11178 -9439
2137 5091 10425
10437 7866 -1349
-9434 -11705 -9486
-4280 1284 11621
12344 10726 -2880
-4024 -9639 -8366
-9178 -2834 11485
9729 11178 -3998
2126 -5827 -6417
-9963 -5587 9971
4360 9071 -4300
5584 -1855 -4108
-6751 -5876 7266
-295 5337 -3544
4814 625 -1944
-2260 -3652 3764
-1427 1598 -1701
1189 596 -368
75 70 -12
1213 -524 1031
-1988 -1893 326
-1537 3638 -3501
5164 -95 4265
-1779 -5746 51
-6009 5467 -6210
6971 2735 7487
2347 -9286 -1058
-10117 4707 -7799
4581 6793 10158
8119 -10969 -2677
-10714 1612 -8142
-1220 10385 11810
11990 -10037 -4354
-6892 -2578 -7345
-7301 12012 12140
11541 -6839 -5606
-629 -6152 -5721
-10287 11007 11063
7129 -2686 -6016
4537 -7665 -3716
-8833 7820 8734
1631 707 -5322
5885 -6544 -1828
-4503 3823 5516
-1505 1949 -3473
3338 -3334 -499
-683 732 1915
-609 565 -646
-524 533 -30
-242 -125 -1514
3095 -2806 2781
-2271 3348 -518
-3562 1632 -4270
6353 -6678 6295
4 3847 -1842
-8272 5268 -5995
6139 -9353 9346
5342 1752 -3682
-10876 9251 -6539
1758 -9638 11442
10551 -2114 -5588
-9148 11899 -5982
-4639 -7356 12248
12362 -6175 -7068
-3682 12095 -4611
-9484 -3415 11642
9651 -8773 -7686
2493 9760 -2857
-10197 570 9741
4202 -8867 -7157
5946 5889 -1207
-6910 2969 6879
-509 -6481 -5404
5155 2125 -104
-2352 2826 3539
-1681 -2690 -2582
1505 66 145
43 264 267
925 836 946
-1697 583 -571
-1510 -3566 -2432
4842 2540 4674
-1517 3451 -2141
-5913 -6972 -4189
6616 1641 8042
2564 7446 -4251
-9943 -8444 -4831
4205 -1538 10540
8266 10863 -6450
-10458 -7290 -4416
-1589 -5703 11800
12046 12241 -8234
-6569 -3933 -3210
-7631 -9142 11666
11500 10981 -9151
-267 269 -1629
-10552 -10448 10218
6998 7605 -8886
4906 3601 -153
-9020 -9120 7757
1434 3528 -7336
6237 4718 773
-4617 -5772 4741
-1748 463 -4626
3664 3214 834
-733 -1875 1705
-886 -309 -1101
-225 -202 -94
-234 867 -849
2786 1516 2743
-1999 -4010 -1910
-3491 1245 -2539
6011 5141 6342
238 -6522 -4309
-8129 -949 -3179
5770 8999 9172
5518 -6601 -6839
-10651 -4825 -2806
1384 11426 10836
10644 -4143 -8983
-8849 -8782 -1667
-4988 11362 11145
12358 -119 -10270
-3331 -11179 -167
-9778 8802 10142
9552 3834 -10356
2864 -11039 1219
-10416 4799 8095
4026 6109 -9106
6309 -8458 2042
-7051 1019 5439
-741 5813 -6616
5493 -4567 1975
-2422 -971 2691
-1948 3142 -3204
1813 -1052 882
32 -364 353
628 -697 648
-1417 563 -1151
-1462 2542 -1191
4513 -4005 4377
-1270 -439 -3828
-5798 6472 -1739
6258 -5304 7447
2763 -3660 -6695
-9750 9714 -1311
3832 -3973 9439
8393 -7760 -9228
-10187 10848 -141
-1951 -506 10133
12081 -11023 -10932
-6235 9345 1377
-7950 3696 9538
11436 -12087 -11436
102 5797 2768
-10802 6919 7889
6847 -10522 -10569
5277 1659 3578
-9190 7864 5596
1218 -7011 -8394
6587 -1361 3466
-4711 6200 3161
-2007 -3062 -5200
3983 -2034 2279
-762 2701 1078
-1175 -367 -1451
63 -128 87
-205 -1080 -261
2469 -84 2299
-1742 3494 -2825
-3401 -3469 -645
5666 -2344 5505
454 7238 -6007
-7966 -3387 -81
5403 -6197 7731
5674 9458 -8925
-10410 -802 1210
1015 -10016 8728
10717 9153 -11065
-8537 3253 2840
-5327 -12185 8476
12333 6393 -12026
-2971 7122 4336
-10057 -11787 7179
9433 2289 -11602
3240 9224 5232
-10617 -8993 5223
3830 -1477 -9820
6672 8730 5171
-7171 -4988 3093
-989 -3371 -6936
5826 5911 3981
-2472 -1471 1278
-2230 -2650 -3392
2112 2024 1712
43 69 173
320 314 270
-1150 -1222 -1367
-1393 -1015 -3
4180 4198 3503
-1039 -2390 -4811
-5663 -4255 757
5900 7287 5857
2942 -929 -8080
-9540 -8266 2242
3463 8204 7061
8500 2598 -10643
-9902 -11333 4069
-2305 6491 7067
12095 6747 -12070
-5890 -12140 5761
-8256 2808 6051
11352 9811 -12121
478 -10329 6842
-11035 -1351 4377
6677 10540 -10784
5650 -6651 6935
-9341 -4289 2516
984 8675 -8282
6934 -2647 5844
-4784 -4828 950
-2280 5058 -5028
4295 3 3595
-770 -2810 76
-1475 1270 -1553
340 199 439
-155 837 125
2146 -1034 1603
-1500 -2117 -3188
-3290 4496 1114
5318 -831 3979
653 -5936 -6746
-7785 6541 2842
5038 1835 5286
5809 -9607 -9688
-10154 6033 4931
653 5874 5451
10768 -11541 -11559
-8213 3117 6897
-5655 9611 4628
12287 -10884 -12084
-2603 -1042 8252
-10322 11497 3159
9293 -7882 -11216
3619 -4750 8597
-10800 10769 1503
3616 -3773 -9139
7033 -6504 7708
-7272 7769 137
-1252 -263 -6241
6152 -5631 5586
-2501 3805 -536
-2523 1197 -3030
2400 -2573 2457
75 590 -277
5 27 -43
-898 1300 -1256
-1303 -482 944
3842 -3232 2256
-826 4272 -5017
-5509 1072 2936
5543 -7154 3563
3102 5012 -8268
-9313 4618 5323
3099 -10028 3785
8585 3134 -10531
-9603 8675 7619
-2649 -10586 3056
12087 -634 -11501
-5536 11541 9319
-8549 -8544 1701
11247 -4763 -11092
857 12021 10002
-11252 -4717 166
6487 -7569 -9456
6023 9929 9413
-9472 -680 -1071
734 -7930 -6947
7277 6170 7522
-4837 1907 -1602
-2567 -5761 -4055
4598 2353 4530
-757 1999 -1177
-1784 -2049 -1306
604 111 838
-84 -386 247
1817 1561 834
-1274 407 -3024
-3160 -4181 2492
4969 3472 2049
833 3124 -6491
-7587 -7716 5187
4677 2807 2232
5925 7114 -9070
-9883 -9432 7841
299 -216 1497
10797 10689 -10425
-7879 -8540 9933
-5972 -4378 156
12219 12333 -10437
-2229 -5358 11018
-10571 -7975 -1352
9133 11350 -9224
4000 -1175 10811
-10965 -9541 -2550
3383 8155 -7109
7391 2297 9247
-7353 -8472 -3021
-1530 4101 -4560
6471 3648 6495
-2509 -5282 -2500
-2828 904 -2092
2678 2368 2934
128 -1384 -927
-318 -85 -171
-660 -932 -918
-1193 1511 1530
3502 1543 880
-630 -4787 -4498
-5337 2117 4510
5187 5086 940
3243 -7491 -7296
-9071 122 7518
2741 9028 108
8649 -7830 -8954
-9292 -3681 10020
-2983 11680 -1315
12058 -5591 -9322
-5174 -7729 11546
-8828 11899 -2895
11121 -1656 -8484
1240 -10356 11780
-11452 9573 -4151
6278 2375 -6737
6395 -10495 10619
-9584 5670 -4656
468 4859 -4524
7614 -8135 8199
-4869 1823 -4128
-2867 4814 -2351
4891 -4326 4872
-723 -359 -2488
-2102 2328 -679
854 -729 1137
7 24 115
1483 -1472 161
-1065 1086 -2444
-3010 2782 3328
4621 -4901 36
993 305 -5356
-7373 6713 6656
4320 -6433 -967
6019 -2780 -7219
-9599 10118 9555
-45 -5345 -2556
10806 -6898 -7856
-7535 11517 11531
-6275 -2028 -4300
12130 -10338 -7323
-1850 10281 12234
-10804 2182 -5713
8953 -11675 -5888
4381 6898 11528
-11111 5569 -6354
3134 -10376 -3976
7746 2766 9511
-7413 6767 -5919
-1823 -7023 -2078
6782 -401 6503
-2495 5339 -4307
-3142 -3070 -656
2942 -1302 2985
202 1963 -1648
-646 -224 -46
-438 404 -494
-1064 -1859 1721
3160 281 -390
-453 3947 -3411
-5147 -4431 5307
4835 -1794 -1614
3362 7776 -5372
-8814 -4593 8559
2391 -5591 -3434
8692 10219 -6179
-8971 -2204 10961
-3305 -9520 -5421
12007 10188 -5861
-4805 1789 12134
-9091 -11930 -7079
10975 7646 -4661
1626 5761 11904
-11633 -11817 -7952
6052 3620 -2987
6764 8095 10334
-9676 -9243 -7713
186 -234 -1318
7944 7867 7709
-4880 -5315 -6235
-3178 -2336 -116
5172 5241 4486
-667 -1710 -3622
-2428 -1848 278
1089 1399 1203
119 30 -194
1147 964 -291
-873 -1963 -1620
-2843 -839 3565
4274 4849 -1757
1134 -3352 -3577
-7142 -3955 7099
3970 8097 -3848
6092 -2116 -4450
-9303 -7998 9875
-380 9270 -6132
10792 1285 -4246
-7182 -11254 11486
-6563 7807 -8107
12021 5469 -3189
-1467 -12339 11724
-11019 4268 -9296
8755 8721 -1669
4762 -10791 10613
-11238 90 -9349
2869 9720 -159
8094 -7262 8406
-7452 -3017 -8108
-2128 8102 881
7083 -3245 5532
-2460 -3799 -5649
-3466 4611 1101
3194 -436 2515
296 -1990 -2270
-979 786 334
-233 -17 -129
-915 1574 1560
2818 -1694 -1367
-295 -2154 -1988
-4941 5314 5284
4487 -1722 -3738
3461 -5926 -2828
-8544 7573 8356
2050 768 -6347
8713 -9715 -2639
-8639 7324 10345
-3614 4769 -8685
11936 -11895 -1626
-4431 4603 11010
-9337 8633 -10256
10809 -11520 -165
2012 496 10341
-11795 10769 -10680
5808 -8728 1276
7130 -3324 8555
-9747 10317 -9771
-109 -4681 2233
8265 -5307 6056
-4869 7515 -7569
-3499 -1070 2347
5442 -4680 3349
-590 3596 -4347
-2760 598 1437
1309 -1781 944
251 268 -556
809 -356 -460
-700 2087 -743
-2657 -1017 3252
3929 -3495 -3089
1254 5211 -1466
-6896 327 6523
3626 -7455 -6022
6144 6194 -1198
-8995 3767 8807
-703 -10519 -8740
10758 4546 -131
-6823 7879 9833
-6837 -11352 -10730
11891 896 1369
-1081 10951 9558
-11216 -9561 -11584
8538 -3280 2838
5141 11712 8167
-11344 -5868 -11081
2587 -6279 3806
8437 9871 6036
-7470 -1798 -9227
-2445 -6900 3902
7373 6236 3652
-2404 962 -6263
-3798 -4950 2926
3430 2380 1519
412 1286 -2620
-1316 -1328 899
-45 -37 54
-748 -918 1161
2478 2357 -1938
-157 37 -488
-4718 -4668 4525
4144 4472 -5161
3540 2590 -67
-8260 -8321 7004
1719 4049 -8246
8713 6560 1139
-8299 -10279 8303
-3909 1198 -10663
11843 10278 2772
-4052 -9657 8349
-9567 -2940 -11976
10624 12183 4366
2398 -6667 7297
-11937 -6675 -11928
5547 11480 5445
7490 -2524 5498
-9798 -8490 -10492
-418 8479 5621
8578 1069 3421
-4837 -7681 -7873
-3830 4464 4674
5699 2643 1561
-492 -4657 -4475
-3097 1149 2605
1513 1588 338
402 -768 -826
470 -53 -363
-546 -1589 13
-2454 2271 2521
3589 1372 -3814
1354 -5479 640
-6637 3107 5088
3291 4822 -7223
6175 -8370 2052
-8677 1322 6560
-1014 8833 -10042
10702 -8972 3895
-6457 -2388 6836
-7095 11700 -11813
11741 -6966 5702
-694 -6508 6046
-11395 12203 -12243
8303 -3140 6989
5516 -9350 4516
-11430 10123 -11267
2292 947 7346
8771 -9764 2699
-7466 6335 -9055
-2773 3625 6532
7652 -7632 1083
-2326 2438 -5982
-4136 3825 4521
3652 -3916 90
547 75 -2558
-1655 1529 1518
125 -248 -10
-562 235 671
2139 -2222 -2077
-38 1763 847
-4480 2836 3221
3808 -5765 -5738
3596 1209 2504
-7965 6756 4760
1398 -7528 -8908
8692 -1724 4613
-7951 10312 5166
-4189 -6693 -11103
11730 -5841 6706
-3670 11973 4544
-9779 -3545 -12000
10420 -9442 8283
2783 11011 3200
-12060 651 -11496
5270 -11045 8917
7845 7811 1573
-9827 4185 -9726
-740 -10014 8337
8880 3703 146
-4783 5626 -7033
-4169 -6830 6492
5941 404 -658
-374 4434 -3904
-3437 -2887 3559
1700 -716 -558
572 1188 -878
132 102 -78
-411 786 521
-2235 -2664 1560
3254 828 -3899
1433 4239 2435
-6364 -5415 3066
2965 -1053 -7340
6184 8142 4840
-8349 -5825 3499
-1311 -4777 -9899
10626 10800 7264
-6086 -3648 2945
-7336 -8798 -11223
11572 11048 9195
-306 263 1692
-11554 -11439 -11172
8051 8738 10185
5887 4318 167
-11495 -11610 -9846
1982 4809 9933
9097 6869 -1150
-7441 -9266 -7558
-3111 886 8355
7917 6903 -1831
-2228 -5428 -4770
-4480 -1411 5600
3857 4476 -1584
702 -1750 -2008
-1995 -1153 2031
276 689 -319
-359 184 242
1804 1501 -1845
60 -2781 1830
-4227 -467 1628
3480 5375 -5461
3632 -4390 4529
-7659 -3446 1995
1090 8774 -8298
8649 -3388 7303
-7596 -7505 1411
-4454 10203 -9980
11597 -130 9627
-3286 -10936 149
-9973 9001 -10335
10199 4067 11028
3164 -12295 -1371
-12163 5623 -9426
4979 7489 11177
8192 -11017 -2672
-9834 1448 -7535
-1072 8750 9956
9170 -7653 -3315
-4709 -1811 -5103
-4515 7380 7481
6168 -3638 -2997
-236 -2827 -2639
-3781 4025 4087
1868 -682 -1611
760 -1230 -628
-204 174 268
-296 -43 725
-2000 2243 573
2925 -2476 -3415
1491 -1994 3686
-6079 6054 796
2650 -2738 -6431
6172 -5705 6795
-8014 8523 95
-1594 -439 -8383
10528 -9599 9519
-5712 8539 -1268
-7560 3505 -9069
11384 -12017 11360
80 6030 -2881
-11694 7477 -8521
7784 -11927 11960
6252 1996 -4264
-11538 9851 -6992
1660 -9358 11164
9412 -1917 -4968
-7395 9674 -4897
-3457 -5390 9053
8169 -4115 -4672
-2109 7077 -2735
-4828 -1696 5933
4046 -3732 -3250
876 3216 -984
-2334 172 2275
407 -999 -802
-140 -216 -6
1474 -564 -1364
137 2855 2359
-3962 -1712 19
3161 -3573 -4451
3646 6125 5761
-7344 -586 -866
794 -7557 -6570
8586 7352 8860
-7237 2732 -2411
-4703 -10803 -7495
11445 5945 11140
-2902 6880 -4205
-10147 -11910 -7230
9960 2432 12211
3542 10144 -5765
-12244 -10381 -5999
4673 -1768 11881
8531 11181 -6630
-9821 -6838 -4197
-1415 -4942 10196
9448 9595 -6458
-4613 -2755 -2308
-4867 -5815 7428
6380 6098 -5100
-78 164 -807
-4126 -4088 4026
2018 2215 -2634
966 715 -61
-537 -565 532
-202 -368 644
-1751 -1303 -259
2604 3187 -2519
1528 -519 4268
-5784 -4995 -1371
2347 5502 -4698
6138 1860 7689
-7672 -8758 -3154
-1861 5327 -5760
10411 5792 10374
-5336 -10953 -5201
-7765 2665 -5683
11178 9638 11904
464 -10607 -7022
-11813 -1427 -4667
7501 11795 12052
6610 -7825 -8141
-11561 -5281 -3088
1327 11373 10827
9716 -3742 -8194
-7327 -7333 -1417
-3811 8577 8465
8406 -47 -7005
-1969 -6782 -127
-5179 4618 5389
4217 1741 -4626
1068 -3932 409
-2672 1197 2127
520 910 -1332
95 -62 -7
1150 -214 -792
193 -2135 2423
-3684 3115 -1357
2853 1002 -2931
3639 -6051 6087
-7021 4182 -3408
513 4345 -4026
8501 -9122 9115
-6873 2618 -5755
-4934 8408 -4035
11273 -9989 11062
-2518 -980 -7901
-10302 11480 -3138
9705 -8230 11669
3914 -5151 -9353
-12305 12266 -1693
4355 -4533 10905
8860 -8192 -9722
-9786 10439 -163
-1767 -411 8974
9713 -8875 -8803
-4497 6783 981
-5224 2447 6270
6574 -6976 -6618
100 2852 1358
-4470 2887 3301
2149 -3364 -3416
1188 318 760
-866 783 591
-128 366 363
-1488 257 -811
2291 -2908 -1418
1543 2568 4174
-5478 2692 -3130
2056 -6556 -2451
6084 2247 7459
-7324 6586 -5795
-2113 -8550 -2447
10274 -520 9755
-4958 10281 -8303
-7952 -7976 -1569
10955 -4616 10770
844 12199 -10143
-11912 -5013 -161
7203 -8360 10439
6960 11517 -10902
-11562 -853 1321
982 -10218 8932
10009 8513 -10341
-7238 2807 2403
-4171 -9456 6614
8628 4449 -8449
-1810 4480 2697
-5531 -6451 3973
4369 1033 -5447
1278 3525 1978
-3007 -2530 1525
611 -300 -1753
345 416 235
833 591 -287
228 994 2095
-3394 -3457 -2321
2556 1539 -1179
3611 4347 5537
-6690 -6380 -5292
247 -137 -1074
8397 8311 8091
-6507 -7042 -8169
-5147 -3771 -120
11083 11178 9439
-2137 -5091 -10425
-10437 -7866 1349
9434 11705 9486
4280 -1284 -11621
-12344 -10726 2880
4024 9639 8366
9178 2834 -11485
-9729 -11178 3998
-2126 5827 6417
9963 5587 -9971
-4360 -9071 4300
-5584 1855 4108
6751 5876 -7266
295 -5337 3544
-4814 -625 1944
2260 3652 -3764
1427 -1598 1701
-1189 -596 368
-75 -70 12
-1213 524 -1031
1988 1893 -326
1537 -3638 3501
-5164 95 -4265
1779 5746 -51
6009 -5467 6210
-6971 -2735 -7487
-2347 9286 1058
10117 -4707 7799
-4581 -6793 -10158
-8119 10969 2677
10714 -1612 8142
1220 -10385 -11810
-11990 10037 4354
6892 2578 7345
7301 -12012 -12140
-11541 6839 5606
629 6152 5721
10287 -11007 -11063
-7129 2686 6016
-4537 7665 3716
8833 -7820 -8734
-1631 -707 5322
-5885 6544 1828
4503 -3823 -5516
1505 -1949 3473
-3338 3334 499
683 -732 -1915
609 -565 646
524 -533 30
242 125 1514
-3095 2806 -2781
2271 -3348 518
3562 -1632 4270
-6353 6678 -6295
-4 -3847 1842
8272 -5268 5995
-6139 9353 -9346
-5342 -1752 3682
10876 -9251 6539
-1758 9638 -11442
-10551 2114 5588
9148 -11899 5982
4639 7356 -12248
-12362 6175 7068
3682 -12095 4611
9484 3415 -11642
-9651 8773 7686
-2493 -9760 2857
10197 -570 -9741
-4202 8867 7157
-5946 -5889 1207
6910 -2969 -6879
509 6481 5404
-5155 -2125 104
2352 -2826 -3539
1681 2690 2582
-1505 -66 -145
-43 -264 -267
-925 -836 -946
1697 -583 571
1510 3566 2432
-4842 -2540 -4674
1517 -3451 2141
5913 6972 4189
-6616 -1641 -8042
-2564 -7446 4251
9943 8444 4831
-4205 1538 -10540
-8266 -10863 6450
10458 7290 4416
1589 5703 -11800
-12046 -12241 8234
6569 3933 3210
7631 9142 -11666
-11500 -10981 9151
267 -269 1629
10552 10448 -10218
-6998 -7605 8886
-4906 -3601 153
9020 9120 -7757
-1434 -3528 7336
-6237 -4718 -773
4617 5772 -4741
1748 -463 4626
-3664 -3214 -834
733 1875 -1705
886 309 1101
225 202 94
234 -867 849
-2786 -1516 -2743
1999 4010 1910
3491 -1245 2539
-6011 -5141 -6342
-238 6522 4309
8129 949 3179
-5770 -8999 -9172
-5518 6601 6839
10651 4825 2806
-1384 -11426 -10836
-10644 4143 8983
8849 8782 1667
4988 -11362 -11145
-12358 119 10270
3331 11179 167
9778 -8802 -10142
-9552 -3834 10356
-2864 11039 -1219
10416 -4799 -8095
-4026 -6109 9106
-6309 8458 -2042
7051 -1019 -5439
741 -5813 6616
-5493 4567 -1975
2422 971 -2691
1948 -3142 3204
-1813 1052 -882
-32 364 -353
-628 697 -648
1417 -563 1151
1462 -2542 1191
-4513 4005 -4377
1270 439 3828
5798 -6472 1739
-6258 5304 -7447
-2763 3660 6695
9750 -9714 1311
-3832 3973 -9439
-8393 7760 9228
10187 -10848 141
1951 506 -10133
-12081 11023 10932
6235 -9345 -1377
7950 -3696 -9538
-11436 12087 11436
-102 -5797 -2768
10802 -6919 -7889
-6847 10522 10569
-5277 -1659 -3578
9190 -7864 -5596
-1218 7011 8394
-6587 1361 -3466
4711 -6200 -3161
2007 3062 5200
-3983 2034 -2279
762 -2701 -1078
1175 367 1451
-63 128 -87
205 1080 261
-2469 84 -2299
1742 -3494 2825
3401 3469 645
-5666 2344 -5505
-454 -7238 6007
7966 3387 81
-5403 6197 -7731
-5674 -9458 8925
10410 802 -1210
-1015 10016 -8728
-10717 -9153 11065
8537 -3253 -2840
5327 12185 -8476
-12333 -6393 12026
2971 -7122 -4336
10057 11787 -7179
-9433 -2289 11602
-3240 -9224 -5232
10617 8993 -5223
-3830 1477 9820
-6672 -8730 -5171
7171 4988 -3093
989 3371 6936
-5826 -5911 -3981
2472 1471 -1278
2230 2650 3392
-2112 -2024 -1712
-43 -69 -173
-320 -314 -270
1150 1222 1367
1393 1015 3
-4180 -4198 -3503
1039 2390 4811
5663 4255 -757
-5900 -7287 -5857
-2942 929 8080
9540 8266 -2242
-3463 -8204 -7061
-8500 -2598 10643
9902 11333 -4069
2305 -6491 -7067
-12095 -6747 12070
5890 12140 -5761
8256 -2808 -6051
-11352 -9811 12121
-478 10329 -6842
11035 1351 -4377
-6677 -10540 10784
-5650 6651 -6935
9341 4289 -2516
-984 -8675 8282
-6934 2647 -5844
4784 4828 -950
2280 -5058 5028
-4295 -3 -3595
770 2810 -76
1475 -1270 1553
-340 -199 -439
155 -837 -125
-2146 1034 -1603
1500 2117 3188
3290 -4496 -1114
-5318 831 -3979
-653 5936 6746
7785 -6541 -2842
-5038 -1835 -5286
-5809 9607 9688
10154 -6033 -4931
-653 -5874 -5451
-10768 11541 11559
8213 -3117 -6897
5655 -9611 -4628
-12287 10884 12084
2603 1042 -8252
10322 -11497 -3159
-9293 7882 11216
-3619 4750 -8597
10800 -10769 -1503
-3616 3773 9139
-7033 6504 -7708
7272 -7769 -137
1252 263 6241
-6152 5631 -5586
2501 -3805 536
2523 -1197 3030
-2400 2573 -2457
-75 -590 277
-5 -27 43
898 -1300 1256
1303 482 -944
-3842 3232 -2256
826 -4272 5017
5509 -1072 -2936
-5543 7154 -3563
-3102 -5012 8268
9313 -4618 -5323
-3099 10028 -3785
-8585 -3134 10531
9603 -8675 -7619
2649 10586 -3056
-12087 634 11501
5536 -11541 -9319
8549 8544 -1701
-11247 4763 11092
-857 -12021 -10002
11252 4717 -166
-6487 7569 9456
-6023 -9929 -9413
9472 680 1071
-734 7930 6947
-7277 -6170 -7522
4837 -1907 1602
2567 5761 4055
-4598 -2353 -4530
757 -1999 1177
1784 2049 1306
-604 -111 -838
84 386 -247
-1817 -1561 -834
1274 -407 3024
3160 4181 -2492
-4969 -3472 -2049
-833 -3124 6491
7587 7716 -5187
-4677 -2807 -2232
-5925 -7114 9070
9883 9432 -7841
-299 216 -1497
-10797 -10689 10425
7879 8540 -9933
5972 4378 -156
-12219 -12333 10437
2229 5358 -11018
10571 7975 1352
-9133 -11350 9224
-4000 1175 -10811
10965 9541 2550
-3383 -8155 7109
-7391 -2297 -9247
7353 8472 3021
1530 -4101 4560
-6471 -3648 -6495
2509 5282 2500
2828 -904 2092
-2678 -2368 -2934
-128 1384 927
318 85 171
660 932 918
1193 -1511 -1530
-3502 -1543 -880
630 4787 4498
5337 -2117 -4510
-5187 -5086 -940
-3243 7491 7296
9071 -122 -7518
-2741 -9028 -108
-8649 7830 8954
9292 3681 -10020
2983 -11680 1315
-12058 5591 9322
5174 7729 -11546
8828 -11899 2895
-11121 1656 8484
-1240 10356 -11780
11452 -9573 4151
-6278 -2375 6737
-6395 10495 -10619
9584 -5670 4656
-468 -4859 4524
-7614 8135 -8199
4869 -1823 4128
2867 -4814 2351
-4891 4326 -4872
723 359 2488
2102 -2328 679
-854 729 -1137
-7 -24 -115
-1483 1472 -161
1065 -1086 2444
3010 -2782 -3328
-4621 4901 -36
-993 -305 5356
7373 -6713 -6656
-4320 6433 967
-6019 2780 7219
9599 -10118 -9555
45 5345 2556
-10806 6898 7856
7535 -11517 -11531
6275 2028 4300
-12130 10338 7323
1850 -10281 -12234
10804 -2182 5713
-8953 11675 5888
-4381 -6898 -11528
11111 -5569 6354
-3134 10376 3976
-7746 -2766 -9511
7413 -6767 5919
1823 7023 2078
-6782 401 -6503
2495 -5339 4307
3142 3070 656
-2942 1302 -2985
-202 -1963 1648
646 224 46
438 -404 494
1064 1859 -1721
-3160 -281 390
453 -3947 3411
5147 4431 -5307
-4835 1794 1614
-3362 -7776 5372
8814 4593 -8559
-2391 5591 3434
-8692 -10219 6179
8971 2204 -10961
3305 9520 5421
-12007 -10188 5861
4805 -1789 -12134
9091 11930 7079
-10975 -7646 4661
-1626 -5761 -11904
11633 11817 7952
-6052 -3620 2987
-6764 -8095 -10334
9676 9243 7713
-186 234 1318
-7944 -7867 -7709
4880 5315 6235
3178 2336 116
-5172 -5241 -4486
667 1710 3622
2428 1848 -278
-1089 -1399 -1203
-119 -30 194
-1147 -964 291
873 1963 1620
2843 839 -3565
-4274 -4849 1757
-1134 3352 3577
7142 3955 -7099
-3970 -8097 3848
-6092 2116 4450
9303 7998 -9875
380 -9270 6132
-10792 -1285 4246
7182 11254 -11486
6563 -7807 8107
-12021 -5469 3189
1467 12339 -11724
11019 -4268 9296
-8755 -8721 1669
-4762 10791 -10613
11238 -90 9349
-2869 -9720 159
-8094 7262 -8406
7452 3017 8108
2128 -8102 -881
-7083 3245 -5532
2460 3799 5649
3466 -4611 -1101
-3194 436 -2515
-296 1990 2270
979 -786 -334
233 17 129
915 -1574 -1560
-2818 1694 1367
295 2154 1988
4941 -5314 -5284
-4487 1722 3738
-3461 5926 2828
8544 -7573 -8356
-2050 -768 6347
-8713 9715 2639
8639 -7324 -10345
3614 -4769 8685
-11936 11895 1626
4431 -4603 -11010
9337 -8633 10256
-10809 11520 165
-2012 -496 -10341
11795 -10769 10680
-5808 8728 -1276
-7130 3324 -8555
9747 -10317 9771
109 4681 -2233
-8265 5307 -6056
4869 -7515 7569
3499 1070 -2347
-5442 4680 -3349
590 -3596 4347
2760 -598 -1437
-1309 1781 -944
-251 -268 556
-809 356 460
700 -2087 743
2657 1017 -3252
-3929 3495 3089
-1254 -5211 1466
6896 -327 -6523
-3626 7455 6022
-6144 -6194 1198
8995 -3767 -8807
703 10519 8740
-10758 -4546 131
6823 -7879 -9833
6837 11352 10730
-11891 -896 -1369
1081 -10951 -9558
11216 9561 11584
-8538 3280 -2838
-5141 -11712 -8167
11344 5868 11081
-2587 6279 -3806
-8437 -9871 -6036
7470 1798 9227
2445 6900 -3902
-7373 -6236 -3652
2404 -962 6263
3798 4950 -2926
-3430 -2380 -1519
-412 -1286 2620
1316 1328 -899
45 37 -54
748 918 -1161
-2478 -2357 1938
157 -37 488
4718 4668 -4525
-4144 -4472 5161
-3540 -2590 67
8260 8321 -7004
-1719 -4049 8246
-8713 -6560 -1139
8299 10279 -8303
3909 -1198 10663
-11843 -10278 -2772
4052 9657 -8349
9567 2940 11976
-10624 -12183 -4366
-2398 6667 -7297
11937 6675 11928
-5547 -11480 -5445
-7490 2524 -5498
9798 8490 10492
418 -8479 -5621
-8578 -1069 -3421
4837 7681 7873
3830 -4464 -4674
-5699 -2643 -1561
492 4657 4475
3097 -1149 -2605
-1513 -1588 -338
-402 768 826
-470 53 363
546 1589 -13
2454 -2271 -2521
-3589 -1372 3814
-1354 5479 -640
6637 -3107 -5088
-3291 -4822 7223
-6175 8370 -2052
8677 -1322 -6560
1014 -8833 10042
-10702 8972 -3895
6457 2388 -6836
7095 -11700 11813
-11741 6966 -5702
694 6508 -6046
11395 -12203 12243
-8303 3140 -6989
-5516 9350 -4516
11430 -10123 11267
-2292 -947 -7346
-8771 9764 -2699
7466 -6335 9055
2773 -3625 -6532
-7652 7632 -1083
2326 -2438 5982
4136 -3825 -4521
-3652 3916 -90
-547 -75 2558
1655 -1529 -1518
-125 248 10
562 -235 -671
-2139 2222 2077
38 -1763 -847
4480 -2836 -3221
-3808 5765 5738
-3596 -1209 -2504
7965 -6756 -4760
-1398 7528 8908
-8692 1724 -4613
7951 -10312 -5166
4189 6693 11103
-11730 5841 -6706
3670 -11973 -4544
9779 3545 12000
-10420 9442 -8283
-2783 -11011 -3200
12060 -651 11496
-5270 11045 -8917
-7845 -7811 -1573
9827 -4185 9726
740 10014 -8337
-8880 -3703 -146
4783 -5626 7033
4169 6830 -6492
-5941 -404 658
374 -4434 3904
3437 2887 -3559
-1700 716 558
-572 -1188 878
-132 -102 78
411 -786 -521
