0.000505995779528
0.000341460226812
0.000395620623322
-0.000221679368758
-0.007103617979754
-0.003537165918929
-0.002134008801534
-0.000647226943909
0.001373377423981
0.007030621159187
0.063061058754227
0.140924909774667
0.048294602887089
0.023519430906967
-0.001737115750478
0.007681863370841
0.003224220035665
0.000645036304431
0.000529201786622
-0.000015573902064
0.000452871879883
-0.000489606793876
-0.003892788747581
-0.004250556978756
-0.003820640243014
-0.001345180013840
0.001803179367813
0.003803714024492
0.069240075077726
0.136346435039468
0.049293886503301
0.021479654602419
-0.000894989932246
0.010529249711942
-0.000931723819214
0.002782199103733
0.000517182202076
0.000397149146120
0.000172904859963
-0.000357012222445
-0.004530903412614
-0.004421383308582
-0.003360991165095
-0.001204933097758
0.001112504502687
0.002389626429908
0.071912578759980
0.133825427788685
0.055326692160312
0.011332119557037
0.008148981972731
0.005329723081911
0.006587174732705
-0.003642211125813
0.000513836287595
0.000447344340091
0.000050163271889
-0.000125610991329
-0.005527401662665
-0.004390881426374
-0.002921088182261
-0.000707346544469
0.000578411281367
0.002858965063364
0.073488239480853
0.132874758154634
0.056820437951193
0.010845646373663
0.009996291360679
0.003841537718269
0.008025412916331
-0.004028120470135
0.000522535230316
-0.000048275029558
0.000533545969150
-0.000315448781394
-0.005770412423719
-0.004497242848689
-0.002509232340512
-0.000176949958996
0.000625031394105
0.000530458057544
0.073674251893567
0.128390347106334
0.060720859582466
0.004815167770159
0.013148482384834
-0.000900405228243
0.009831281232224
-0.004545091958155
0.000517955510784
0.000112027353004
0.000318132050687
-0.000122619642515
-0.001969085080066
-0.005634274460863
-0.004434455257831
-0.001464479558996
0.001197862529475
0.001685021250252
0.076245371866838
0.131458608765525
0.057670770025445
0.008690870086440
0.009336350401286
0.003003079974828
0.007991552016065
-0.002765627871090
0.000528679901190
0.000066042822371
0.000079933798424
-0.000248687088052
-0.007885331475295
-0.004521164413845
-0.000797513528418
0.000775835389110
0.000662368503614
-0.003907734418246
0.078252982654596
0.123570594418702
0.067767432770199
-0.003691306401942
0.016658229391481
-0.003305528981768
0.011466183665124
-0.005480315025488
0.000513548075492
0.000339800411895
0.000166993012354
-0.000071204622371
-0.000925163077937
-0.005368415148741
-0.005134335648493
-0.002233313604695
0.001879266137634
0.000819207734085
0.075743411960780
0.130999721087451
0.060610875317157
0.003595491781834
0.012546354547367
-0.001029993451679
0.012046141595379
-0.004662957353366
0.000522774337788
0.000239245382243
0.000099577171653
-0.000226681817755
-0.001547279333963
-0.004712826551291
-0.005284767916184
-0.002688246954286
0.001925732176889
0.001301309543112
0.075239652717772
0.129421623831991
0.057603413470015
0.007370914748256
0.010856775225109
-0.000276913830842
0.008302554309861
-0.004407215230485
0.000522543846648
0.000299756220118
-0.000093325713602
-0.000159231015156
-0.005277568370852
-0.004772213256558
-0.002616852298993
-0.000539317039543
0.001061660430577
0.000556144080038
0.076896043849284
0.127992964223471
0.060447463140850
0.003018968497933
0.014213149757954
-0.000992699667863
0.008847317767794
-0.005300082907685
0.000531927257766
0.000085202830197
0.000252093958418
-0.000381093763322
-0.002614527501526
-0.005169398139666
-0.004122756103053
-0.001422333539795
0.001471683026025
0.002127933996899
0.071704748383214
0.134117606142194
0.054350149464405
0.011493634353682
0.007483408187306
0.004446893596609
0.006982071267930
-0.003301528465760
0.000522397183844
0.000341260021619
0.000193256515564
-0.000232485073058
-0.003007474593750
-0.005170907450344
-0.003886253617683
-0.001145758166151
0.001472095970150
0.000354968400483
0.073632611108897
0.130657063799783
0.059664348159455
0.007524300318555
0.007641747358254
0.001741146435122
0.007645945901509
-0.000425637063960
0.000523190786821
0.000182574464372
0.000308078354220
-0.000267254290725
0.000613342540206
-0.005413008796911
-0.006114866152071
-0.002985750875690
0.002049723495084
0.005441895881998
0.071454728234092
0.137277155760514
0.051118949326268
0.015180973478220
0.004698175867873
0.007655998043355
0.005757514512625
0.000287314789627
0.000515318513326
0.000314971992438
0.000012091492317
-0.000064465985096
-0.004463689878774
-0.004971736043907
-0.003195216549069
-0.000918286813368
0.000644362404596
0.002550150836070
0.070840032217490
0.140307731303486
0.052300053926131
0.016207681947706
0.001740938479883
0.009706880986608
0.005836965336532
-0.001993250356520
0.000535691133798
-0.000153725235086
0.000356868913237
-0.000483338015634
0.000619049487751
-0.004371694893693
-0.006984660433460
-0.004725373333798
0.002304049478632
0.003647179762451
0.076757598515446
0.133411889249616
0.053221025593254
0.008041787237020
0.012071075958484
0.005188669029229
0.007037305215221
-0.006119435269043
0.000520283380476
0.000363381161104
0.000165121434459
-0.000292921220687
-0.005156648031935
-0.004593908388053
-0.003050042571945
-0.000372559823649
0.000691423763895
-0.000838688254686
0.076524083489416
0.128807873876311
0.063203148847631
0.003057073399283
0.013177366212185
-0.000266653281443
0.011621973692915
-0.005540944455565
