2252 2699 -1589
-3308 -844 3943
-1466 -4310 -2487
6417 5468 -3106
-3014 1047 7390
-6256 -8208 -4883
8367 5853 -3523
1311 4797 9896
-10616 -10788 -7300
6031 3590 -3023
7341 8788 11164
-11503 -10991 -9168
376 -192 -1619
11493 11384 11130
-8024 -8699 -10118
-5879 -4307 -143
11426 11534 9784
-1984 -4815 -9912
-9118 -6899 1159
7473 9279 7560
3116 -919 -8413
-7986 -6975 1835
2251 5478 4800
4526 1421 -5682
-3928 -4547 1605
-748 1748 2045
2014 1165 -2077
-290 -711 307
348 -211 -254
-1842 -1541 1860
-81 2807 -1869
4272 452 -1656
-3555 -5452 5514
-3709 4406 -4575
7698 3469 -2025
-1129 -8827 8328
-8693 3403 -7344
7588 7525 -1437
4443 -10194 9952
-11545 120 -9599
3316 10862 -122
9957 -8936 10312
-10144 -4095 -10949
-3162 12181 1380
12050 -5705 9332
-4939 -7559 -11101
-8228 10950 2640
9818 -1497 7515
1021 -8761 -9982
-9220 7660 3303
4741 1809 5125
4537 -7450 -7557
-6247 3672 3028
219 2858 2667
3819 -4096 -4159
-1909 675 1622
-785 1234 622
194 -188 -288
290 27 -755
2017 -2292 -590
-2999 2521 3451
-1558 2039 -3726
6131 -6133 -837
-2703 2765 6478
-6224 5724 -6874
8015 -8554 -138
1589 433 8398
-10525 9582 -9530
5718 -8545 1274
7556 -3530 9048
-11326 11917 -11301
-85 -6038 2871
11590 -7451 8456
-7738 11805 -11866
-6279 -2004 4237
11461 -9833 6964
-1756 9368 -11143
-9464 1979 4909
7393 -9709 4933
3455 5430 -9103
-8233 4112 4729
2100 -7153 2773
4873 1705 -6015
-4118 3764 3291
-904 -3278 983
2357 -194 -2327
-425 1000 798
127 211 -2
-1519 552 1372
-164 -2912 -2404
4007 1719 -37
-3219 3606 4496
-3680 -6216 -5858
7368 524 807
-788 7606 6625
-8630 -7401 -8903
7266 -2726 2451
4740 10769 7523
-11399 -5968 -11102
2927 -6875 4221
10090 11806 7195
-9917 -2450 -12124
-3529 -10101 5765
12133 10310 5976
-4732 1715 -11819
-8577 -11164 6568
9786 6826 4207
1395 4941 -10210
-9470 -9630 6521
4592 2712 2373
4921 5871 -7511
-6459 -6178 5152
83 -162 781
4177 4139 -4106
-2062 -2263 2661
-994 -739 46
529 558 -554
196 366 -673
1764 1306 259
-2659 -3251 2546
-1554 526 -4350
5834 5057 1346
-2373 -5561 4749
-6208 -1891 -7758
7719 8778 3217
1928 -5306 5838
-10419 -5859 -10374
5352 10901 5213
7725 -2732 5634
-11106 -9648 -11841
-461 10531 6994
11707 1377 4617
-7513 -11723 -11977
-6624 7793 8096
11482 5248 3045
-1354 -11337 -10810
-9714 3779 8206
7308 7381 1460
3840 -8618 -8524
-8466 42 7045
2018 6809 66
5254 -4658 -5494
-4277 -1797 4668
-1095 3973 -435
2696 -1234 -2167
-535 -945 1339
-112 46 -1
-1189 212 787
-205 2154 -2480
3725 -3175 1367
-2913 -1022 2951
-3704 6105 -6170
7070 -4252 3450
-486 -4438 4090
-8561 9131 -9162
6884 -2653 5767
4892 -8403 3976
-11222 9904 -11053
2485 998 7837
10238 -11421 3097
-9700 8226 -11593
-3956 5165 9264
12190 -12180 1662
-4409 4559 -10856
-8854 8162 9682
9753 -10423 147
1738 427 -8987
-9742 8887 8811
4541 -6854 -1033
5292 -2525 -6366
-6646 7029 6666
-113 -2905 -1395
4506 -2920 -3339
-2177 3397 3453
-1231 -327 -778
863 -809 -614
124 -393 -388
1498 -275 812
-2344 2939 1423
-1572 -2629 -4250
5531 -2740 3166
-2088 6607 2472
-6151 -2294 -7534
7346 -6654 5817
2095 8567 2426
-10288 563 -9795
4942 -10289 8266
7939 7957 1546
-10930 4543 -10712
-930 -12116 10019
11819 4973 176
-7227 8308 -10390
-6928 -11465 10839
11468 820 -1310
-1018 10175 -8931
-10001 -8546 10314
7258 -2821 -2447
4191 9468 -6666
-8684 -4513 8483
1815 -4541 -2739
5570 6504 -4018
-4423 -1031 5502
-1322 -3596 -2014
3038 2555 -1563
-639 285 1763
-371 -441 -247
-862 -617 275
-238 -1018 -2145
3431 3500 2361
-2593 -1562 1194
-3673 -4416 -5619
6741 6432 5343
-267 120 1063
-8456 -8371 -8155
6529 7062 8182
5165 3782 109
-11056 -11150 -9435
2078 5031 10331
10393 7861 -1346
-9411 -11630 -9460
-4223 1357 11540
12226 10698 -2814
-4023 -9593 -8385
-9160 -2822 11410
9718 11116 -4069
2147 -5838 -6472
-9983 -5621 9968
4399 9092 -4365
5613 -1896 -4148
-6823 -5951 7318
-305 5389 -3612
4864 626 -1988
-2312 -3716 3803
-1479 1599 -1734
1193 597 -393
67 60 -27
1217 -560 1049
-2021 -1946 332
-1584 3674 -3572
5216 -119 4317
-1836 -5819 11
-6097 5485 -6298
7001 2747 7520
2338 -9327 -1102
-10133 4722 -7837
4577 6808 10119
8100 -10938 -2718
-10668 1605 -8151
-1196 10313 11716
11900 -9958 -4303
-6884 -2603 -7359
-7296 11908 12033
11472 -6909 -5685
-580 -6235 -5806
-10294 10954 11020
7152 -2740 -6068
4518 -7685 -3708
-8881 7837 8769
1640 697 -5387
5924 -6616 -1846
-4574 3861 5568
-1548 1970 -3535
3373 -3396 -516
-703 726 1933
-632 560 -666
-547 528 -47
-258 -141 -1552
3129 -2863 2817
-2341 3403 -571
-3652 1678 -4364
6391 -6758 6338
-20 3880 -1890
-8324 5276 -6033
6128 -9373 9342
5355 1754 -3715
-10855 9228 -6548
1766 -9623 11371
10501 -2133 -5588
-9140 11799 -5967
-4651 -7352 12137
12243 -6152 -7089
-3656 11981 -4676
-9486 -3426 11568
9622 -8773 -7701
2422 9764 -2804
-10221 624 9762
4199 -8921 -7186
5968 5932 -1209
-6992 2961 6912
-551 -6564 -5469
5206 2141 -116
-2404 2849 3572
-1722 -2744 -2637
1513 49 130
34 253 257
926 841 953
-1747 570 -607
-1562 -3632 -2495
4891 2555 4724
-1553 3481 -2189
-5971 -7057 -4217
6611 1586 8072
2602 7493 -4265
-9963 -8480 -4856
4246 -1519 10512
8284 10826 -6432
-10423 -7300 -4427
-1572 -5694 11708
11940 12126 -8221
-6574 -3949 -3222
-7615 -9113 11571
11409 10902 -9124
-324 213 -1599
-10559 -10460 10212
6994 7596 -8891
4912 3599 -150
-9072 -9163 7752
1383 3500 -7379
6296 4772 749
-4691 -5853 4777
-1773 471 -4708
3705 3256 821
-756 -1918 1719
-913 -329 -1129
-248 -221 -116
-249 872 -873
2817 1521 2777
-2042 -4082 -1956
-3546 1262 -2576
6044 5207 6397
244 -6580 -4352
-8192 -967 -3216
5828 9005 9182
5594 -6576 -6808
-10626 -4888 -2861
1401 11358 10784
10572 -4208 -8991
-8808 -8801 -1711
-4992 11267 11066
12239 -173 -10232
-3373 -11125 -154
-9766 8762 10097
9530 3802 -10340
2859 -11021 1218
-10419 4838 8079
4002 6167 -9128
6353 -8510 2035
-7121 1023 5470
-727 5838 -6703
5558 -4618 1951
-2459 -1016 2731
-1991 3174 -3266
1826 -1085 887
24 -388 350
624 -726 647
-1462 567 -1194
-1495 2566 -1218
4560 -4073 4427
-1309 -450 -3901
-5877 6525 -1775
6304 -5375 7489
2820 -3749 -6710
-9776 9713 -1350
3844 -4009 9435
8352 -7743 -9258
-10119 10749 -234
-1996 -493 10104
11973 -10969 -10877
-6288 9320 1424
-7974 3710 9512
11349 -12013 -11373
50 5817 2796
-10777 6900 7864
6850 -10514 -10563
5274 1681 3608
-9230 7888 5617
1240 -7085 -8459
6654 -1429 3456
-4771 6256 3198
-2049 -3119 -5281
4023 -2060 2319
-768 2729 1105
-1213 -380 -1490
45 -144 69
-214 -1120 -270
2495 -103 2324
-1785 3532 -2888
-3457 -3539 -654
5716 -2385 5556
454 7286 -6073
-8030 -3441 -79
5417 -6259 7764
5676 9458 -8960
-10385 -765 1145
990 -10026 8729
10661 9114 -11017
-8574 3171 2907
-5411 -12115 8503
12209 6346 -11931
-3023 7077 4349
-10010 -11729 7112
9379 2261 -11552
3226 9200 5239
-10614 -9024 5200
3856 -1486 -9849
6707 8756 5192
-7243 -5058 3092
-1018 -3426 -7018
5874 5964 4031
-2499 -1481 1311
-2287 -2712 -3461
2130 2040 1725
28 55 158
309 303 258
-1183 -1255 -1405
-1423 -1038 -6
4231 4246 3534
-1050 -2421 -4879
-5741 -4320 758
5945 7334 5892
2954 -957 -8139
-9572 -8321 2237
3484 8209 7064
8502 2599 -10626
-9894 -11294 4092
-2377 6424 7101
11994 6746 -11989
-5914 -12053 5748
-8199 2879 5957
11233 9810 -12050
486 -10279 6793
-10999 -1335 4341
6716 10493 -10767
5686 -6668 6920
-9377 -4324 2508
1002 8704 -8336
6976 -2696 5890
-4848 -4901 952
-2320 5109 -5102
4340 -5 3633
-799 -2864 57
-1522 1270 -1601
327 194 429
-166 840 120
2170 -1082 1608
-1516 -2179 -3243
-3361 4539 1106
5370 -866 4010
625 -6001 -6831
-7860 6559 2832
5060 1836 5311
5819 -9635 -9717
-10154 6043 4941
639 5885 5458
10710 -11490 -11513
-8204 3111 6864
-5639 9545 4575
12157 -10795 -12020
-2613 -1065 8190
-10288 11411 3127
9298 -7940 -11156
3683 -4840 8521
-10793 10734 1519
3648 -3830 -9164
7037 -6529 7752
-7325 7798 148
-1278 -282 -6313
6202 -5702 5642
-2551 3844 -562
-2580 1208 -3093
2422 -2626 2482
67 583 -292
-6 15 -58
-924 1306 -1290
-1339 -502 946
3886 -3293 2274
-880 4334 -5104
-5606 1117 2917
5562 -7235 3609
3110 5048 -8332
-9353 4613 5370
3075 -10037 3824
8585 3140 -10532
-9601 8648 7614
-2655 -10549 3031
11985 -647 -11452
-5573 11447 9270
-8544 -8526 1680
11170 -4740 -11031
893 11925 9905
-11220 -4729 163
6500 -7582 -9457
5981 9931 9429
-9488 -637 -1027
706 -7999 -7022
7312 6216 7568
-4920 1892 -1664
-2634 -5846 -4136
4645 2372 4579
-785 2013 -1215
-1827 -2094 -1341
596 95 836
-94 -405 245
1834 1577 831
-1318 390 -3088
-3234 -4257 2498
5010 3495 2072
828 3146 -6573
-7654 -7791 5256
4644 2757 2300
5974 7159 -9123
-9894 -9449 7847
331 -186 1442
10760 10655 -10428
-7882 -8532 9871
-5961 -4364 106
12102 12216 -10395
-2251 -5369 10921
-10526 -7956 -1401
9096 11270 -9216
3963 -1233 10765
-10950 -9578 -2523
3381 8151 -7159
7410 2291 9261
-7436 -8521 -3114
-1613 4088 -4665
6528 3697 6550
-2562 -5361 -2557
-2873 916 -2123
2702 2400 2969
119 -1417 -955
-334 -103 -189
-691 -962 -949
-1225 1525 1547
3545 1547 871
-651 -4864 -4575
-5411 2145 4565
5196 5154 975
3279 -7545 -7375
-9115 114 7541
2799 9019 33
8693 -7797 -9022
-9265 -3738 9956
-2981 11599 -1357
11954 -5647 -9281
-5162 -7758 11431
-8813 11790 -2920
11044 -1711 -8451
1206 -10320 11687
-11408 9528 -4167
6300 2341 -6736
6403 -10496 10590
-9616 5710 -4722
417 4921 -4611
7659 -8198 8241
-4936 1835 -4192
-2888 4834 -2358
4939 -4384 4934
-733 -394 -2531
-2147 2349 -701
851 -753 1138
-2 7 107
1496 -1512 144
-1105 1099 -2496
-3068 2808 3371
4664 -4976 24
985 305 -5429
-7448 6764 6697
4358 -6501 -1013
6085 -2864 -7307
-9604 10107 9536
-49 -5378 -2587
10739 -6871 -7824
-7477 11409 11425
-6317 -2018 -4277
12018 -10293 -7300
-1925 10235 12124
-10779 2195 -5687
8924 -11617 -5887
4349 6913 11458
-11088 5557 -6387
3141 -10381 -4006
7754 2794 9517
-7469 6800 -5972
-1836 -7100 -2088
6840 -457 6570
-2531 5395 -4370
-3202 -3128 -677
2975 -1321 3006
209 1984 -1682
-672 -236 -66
-466 394 -515
-1088 -1910 1746
3193 265 -405
-476 3989 -3473
-5223 -4508 5366
4874 -1826 -1655
3393 7820 -5444
-8865 -4649 8587
2390 -5646 -3464
8686 10199 -6197
-8936 -2171 10906
-3345 -9532 -5413
11908 10127 -5863
-4891 1698 12027
-9132 -11878 -6997
10874 7590 -4699
1581 5722 11807
-11570 -11760 -7984
6030 3595 -3031
6762 8087 10307
-9702 -9277 -7762
188 -236 -1325
7981 7905 7749
-4951 -5389 -6314
-3235 -2383 -132
5223 5292 4524
-667 -1729 -3681
-2484 -1898 262
1090 1405 1209
109 21 -204
1151 965 -306
-897 -2006 -1662
-2897 -858 3612
4328 4898 -1819
1155 -3390 -3652
-7218 -4014 7150
4004 8135 -3912
6120 -2152 -4491
-9319 -8049 9872
-376 9256 -6170
10750 1278 -4272
-7214 -11208 11412
-6627 7729 -8040
11903 5471 -3217
-1504 -12247 11629
-10941 4333 -9312
8668 8744 -1758
4782 -10742 10576
-11209 109 -9357
2918 9689 -118
8126 -7287 8436
-7509 -3048 -8164
-2146 8139 900
7132 -3300 5571
-2500 -3865 -5729
-3525 4659 1112
3225 -451 2543
286 -2032 -2319
-1012 782 319
-255 -26 -142
-941 1587 1577
2859 -1754 -1426
-285 -2223 -2055
-5024 5363 5338
4530 -1766 -3807
3466 -5983 -2845
-8592 7585 8395
2055 758 -6390
8713 -9734 -2643
-8651 7322 10318
-3645 4774 -8668
11841 -11830 -1613
-4451 4594 10943
-9301 8574 -10221
10697 -11425 -234
2011 476 10293
-11732 10703 -10640
5869 -8774 1350
7186 -3416 8595
-9754 10304 -9776
-100 -4743 2261
8284 -5333 6058
-4913 7554 -7639
-3554 -1098 2368
5494 -4746 3369
-612 3635 -4422
-2819 600 1444
1315 -1822 944
245 254 -577
813 -370 -491
-718 2106 -774
-2715 -1043 3291
3972 -3557 -3153
1228 5277 -1463
-6977 367 6589
3622 -7534 -6064
6169 6226 -1204
-9036 3748 8810
-751 -10519 -8732
10717 4550 -135
-6855 7849 9787
-6843 -11293 -10682
11780 886 1356
-1130 10867 9493
-11165 -9529 -11508
8528 -3256 2869
5183 11640 8187
-11306 -5880 -11047
2605 -6300 3822
8412 9874 5993
-7487 -1768 -9270
-2506 -6978 3903
7419 6286 3663
-2467 940 -6343
-3877 -5034 2941
3465 2401 1528
403 1291 -2673
-1350 -1361 898
-65 -56 46
-770 -944 1168
2505 2384 -1987
-184 12 -495
-4802 -4751 4583
4168 4501 -5227
3566 2604 -74
-8328 -8384 7022
1656 4002 -8255
8739 6603 1102
-8323 -10275 8293
-3896 1236 -10647
11752 10251 2729
-4082 -9628 8314
-9532 -2920 -11898
10552 12071 4366
2386 -6670 7274
-11867 -6664 -11863
5549 11405 5437
7464 -2585 5462
-9790 -8550 -10503
-446 8483 5624
8601 1056 3423
-4930 -7734 -7933
-3931 4465 4677
5747 2684 1587
-517 -4733 -4548
-3151 1162 2639
1518 1609 339
398 -791 -854
468 -75 -389
-575 -1627 7
-2506 2295 2548
3632 1372 -3891
1363 -5560 637
-6717 3144 5124
3271 4890 -7276
6224 -8416 2040
-8711 1324 6581
-975 8811 -10065
10681 -8927 3815
-6445 -2438 6856
-7093 11613 -11750
11651 -7008 5725
-685 -6544 6055
-11335 12088 -12160
8293 -3195 6985
5493 -9332 4484
-11387 10076 -11238
2319 909 7357
8776 -9785 2695
-7529 6376 -9091
-2853 3684 6536
7697 -7705 1093
-2371 2458 -6059
-4184 3839 4583
3678 -3977 111
555 49 -2620
-1693 1538 1528
108 -260 -21
-583 223 667
2163 -2272 -2130
-62 1786 860
-4554 2861 3251
3836 -5843 -5819
3619 1220 2532
-8026 6802 4796
1418 -7587 -8959
8730 -1802 4571
-7956 10295 5191
-4211 -6716 -11079
11649 -5805 6743
-3619 11860 4609
-9778 -3534 -11935
10357 -9408 8252
2718 10946 3127
-11991 662 -11456
5280 -11008 8883
7817 7820 1526
-9837 4174 -9735
-758 -10036 8341
8895 3736 110
-4838 5661 -7101
-4214 -6910 6548
5986 361 -647
-381 4486 -3980
-3501 -2943 3599
1718 -730 -594
580 1198 -917
121 93 -94
-439 781 526
-2279 -2727 1562
3280 817 -3970
1439 4283 2461
-6444 -5495 3079
2987 -1074 -7417
6229 8180 4857
-8394 -5879 3496
-1337 -4823 -9924
10589 10761 7274
-6057 -3616 2997
-7368 -8815 -11192
11476 10964 9142
-402 166 1593
-11520 -11412 -11158
7998 8673 10092
5852 4281 118
-11453 -11561 -9811
1958 4789 9885
9091 6871 -1184
-7500 -9306 -7587
-3143 892 8386
7958 6948 -1861
-2278 -5505 -4827
-4553 -1448 5654
3901 4520 -1632
721 -1775 -2072
-2041 -1192 2050
262 684 -334
-376 184 227
1815 1514 -1887
54 -2834 1842
-4299 -479 1629
3528 5424 -5542
3682 -4433 4549
-7725 -3496 1998
1103 8800 -8356
8665 -3429 7318
-7615 -7552 1411
-4470 10167 -9980
11517 -145 9573
-3341 -10890 96
-9985 8910 -10339
10117 4068 10923
3136 -12208 -1405
-12078 5680 -9360
4913 7532 11074
8200 -10977 -2666
-9845 1471 -7542
-1047 8733 9955
9192 -7686 -3329
-4767 -1836 -5152
-4564 7423 7530
6220 -3699 -3054
-246 -2885 -2694
-3846 4069 4132
1882 -702 -1649
758 -1261 -650
-221 161 261
-317 -55 728
-2045 2264 563
2972 -2548 -3478
1531 -2066 3700
-6159 6105 811
2676 -2791 -6506
6196 -5752 6848
-8042 8527 111
-1615 -459 -8426
10497 -9609 9504
-5744 8519 -1300
-7583 3504 -9075
11299 -11945 11275
59 6013 -2896
-11617 7423 -8483
7712 -11832 11839
6252 1979 -4262
-11488 9805 -6991
1730 -9394 11115
9437 -2005 -4934
-7420 9681 -4960
-3482 -5456 9075
8206 -4139 -4756
-2127 7125 -2800
-4900 -1732 5988
4091 -3791 -3318
877 3251 -1011
-2385 167 2300
398 -1027 -826
-154 -238 -25
1491 -580 -1399
137 2884 2377
-4034 -1746 10
3192 -3634 -4523
3653 6189 5831
-7396 -551 -834
761 -7634 -6652
8602 7375 8876
-7292 2699 -2477
-4767 -10796 -7550
11372 5942 11075
-2952 6848 -4246
-10117 -11833 -7222
9890 2424 12096
3503 10073 -5790
-12161 -10336 -6003
4706 -1741 11792
8550 11136 -6593
-9813 -6852 -4233
-1421 -4967 10182
9443 9603 -6547
-4618 -2739 -2400
-4948 -5898 7483
6431 6151 -5179
-110 135 -808
-4204 -4166 4078
2034 2235 -2689
967 712 -74
-557 -586 527
-224 -393 645
-1792 -1333 -287
2631 3224 -2573
1527 -553 4323
-5861 -5085 -1373
2347 5534 -4776
6180 1864 7731
-7746 -8805 -3243
-1954 5280 -5865
10391 5832 10346
-5378 -10929 -5239
-7753 2706 -5661
11079 9620 11813
435 -10557 -7019
-11735 -1402 -4643
7488 11696 11949
6598 -7819 -8122
-11509 -5275 -3071
1329 11310 10782
9686 -3805 -8232
-7335 -7409 -1485
-3867 8591 8496
8439 -68 -7072
-2045 -6836 -92
-5281 4631 5467
4250 1770 -4695
1068 -4000 408
-2724 1207 2140
508 918 -1366
85 -73 -26
1161 -239 -815
177 -2181 2453
-3752 3148 -1394
2886 995 -2979
3677 -6133 6142
-7097 4225 -3477
460 4411 -4117
8534 -9158 9134
-6910 2627 -5793
-4919 8375 -4003
11195 -9931 11025
-2511 -1024 -7863
-10266 11393 -3123
9673 -8252 11566
3930 -5191 -9290
-12217 12153 -1688
4384 -4584 10828
8827 -8190 -9708
-9780 10396 -173
-1764 -453 8959
9714 -8914 -8838
-4567 6827 1007
-5319 2499 6338
6619 -7056 -6693
86 2878 1369
-4533 2893 3312
2150 -3424 -3480
1204 300 750
-891 782 587
-151 366 361
-1525 248 -839
2317 -2967 -1450
1545 2602 4223
-5559 2712 -3193
2061 -6634 -2499
6124 2268 7507
-7373 6627 -5843
-2122 -8594 -2452
10261 -590 9767
-4968 10261 -8292
-7966 -7983 -1572
10903 -4569 10684
904 12089 -10045
-11847 -4999 -202
7201 -8335 10362
6901 11439 -10865
-11495 -846 1284
992 -10203 8903
9973 8519 -10341
-7284 2794 2421
-4218 -9495 6639
8656 4487 -8511
-1841 4514 2713
-5597 -6532 3991
4396 1004 -5530
1295 3569 1987
-3065 -2582 1536
612 -312 -1791
344 414 220
834 590 -302
211 991 2117
-3458 -3528 -2388
2566 1535 -1221
3645 4389 5591
-6768 -6459 -5370
240 -147 -1090
8429 8343 8127
-6555 -7088 -8208
-5192 -3809 -135
11029 11123 9407
-2103 -5056 -10358
-10421 -7889 1320
9385 11603 9433
4197 -1382 -11567
-12253 -10725 2789
3997 9567 8357
9133 2796 -11437
-9745 -11143 4044
-2173 5812 6445
9956 5594 -9995
-4426 -9119 4339
-5640 1869 4121
6796 5924 -7346
278 -5416 3585
-4892 -653 1961
2285 3688 -3831
1452 -1627 1707
-1220 -625 366
-94 -88 0
-1245 533 -1077
1994 1918 -359
1557 -3702 3545
-5244 92 -4344
1809 5791 -38
6069 -5512 6271
-7028 -2774 -7547
-2364 9299 1076
10105 -4748 7810
-4603 -6835 -10146
-8128 10911 2693
10641 -1631 8124
1170 -10341 -11742
-11928 9932 4278
6858 2577 7332
7269 -11936 -12060
-11499 6883 5660
554 6208 5779
10267 -10982 -11048
-7179 2714 6042
-4545 7658 3682
8854 -7864 -8797
-1667 -723 5361
-5952 6589 1819
4547 -3888 -5595
1521 -1997 3508
-3400 3369 489
676 -753 -1961
605 -587 639
519 -555 20
231 114 1525
-3156 2835 -2844
2314 -3430 544
3625 -1705 4337
-6419 6731 -6365
-6 -3907 1863
8297 -5303 6005
-6155 9345 -9370
-5383 -1780 3689
10828 -9256 6521
-1792 9597 -11398
-10529 2107 5563
9114 -11826 5941
4625 7326 -12165
-12271 6125 7064
3630 -12009 4650
9459 3400 -11596
-9649 8745 7676
-2449 -9790 2777
10193 -650 -9790
-4226 8894 7160
-5995 -5958 1182
6964 -2988 -6939
524 6536 5442
-5233 -2168 89
2377 -2876 -3600
1695 2717 2609
-1540 -76 -157
-61 -281 -285
-953 -868 -980
1719 -598 580
1535 3605 2468
-4918 -2582 -4751
1526 -3508 2162
5944 7030 4190
-6638 -1612 -8100
-2628 -7521 4239
9935 8453 4830
-4272 1492 -10540
-8312 -10854 6406
10397 7274 4400
1547 5667 -11736
-11967 -12153 8196
6548 3924 3196
7588 9085 -11598
-11436 -10929 9098
299 -239 1573
10532 10432 -10239
-7021 -7622 8865
-4939 -3626 124
9045 9135 -7780
-1410 -3527 7351
-6324 -4800 -775
4664 5826 -4805
1746 -498 4680
-3733 -3284 -848
728 1890 -1747
886 301 1102
220 193 89
221 -899 846
-2844 -1549 -2804
2015 4055 1929
3519 -1289 2548
-6071 -5234 -6424
-270 6553 4325
8164 941 3189
-5855 -9033 -9209
-5621 6550 6782
10598 4861 2835
-1426 -11385 -10812
-10600 4182 8965
8782 8774 1685
4966 -11293 -11094
-12266 147 10206
3347 11097 129
9739 -8788 -10124
-9556 -3828 10313
-2885 10993 -1244
10391 -4864 -8107
-4028 -6194 9101
-6380 8482 -2061
7094 -1050 -5498
700 -5865 6676
-5585 4590 -1978
2432 989 -2759
1963 -3201 3239
-1853 1057 -914
-52 361 -377
-652 699 -675
1435 -595 1167
1468 -2593 1190
-4588 4046 -4455
1282 423 3874
5850 -6552 1748
-6331 5349 -7516
-2847 3722 6684
9749 -9740 1324
-3870 3983 -9463
-8379 7716 9232
10092 -10776 209
1970 467 -10132
-12001 10941 10851
6262 -9346 -1449
7948 -3736 -9539
-11376 11985 11346
-76 -5843 -2821
10749 -6927 -7891
-6877 10487 10535
-5301 -1707 -3633
9203 -7916 -5644
-1266 7058 8431
-6681 1403 -3483
4744 -6284 -3225
2022 3092 5254
-4050 2033 -2346
741 -2756 -1132
1186 353 1463
-72 117 -96
186 1093 242
-2522 75 -2351
1758 -3560 2861
3430 3512 627
-5743 2357 -5583
-481 -7313 6046
8003 3415 53
-5444 6232 -7792
-5704 -9485 8933
10357 739 -1171
-1016 9998 -8756
-10688 -9141 10990
8548 -3197 -2932
5385 12087 -8530
-12236 -6372 11904
2997 -7104 -4374
9982 11702 -7140
-9405 -2286 11524
-3253 -9228 -5264
10586 8998 -5227
-3882 1460 9822
-6734 -8784 -5218
7216 5032 -3119
991 3399 6990
-5901 -5992 -4058
2472 1453 -1338
2259 2684 3433
-2157 -2068 -1752
-55 -82 -186
-337 -330 -285
1155 1228 1378
1396 1011 -21
-4259 -4273 -3562
1023 2394 4852
5713 4293 -785
-5972 -7361 -5920
-2981 930 8112
9544 8294 -2263
-3510 -8236 -7091
-8529 -2625 10598
9868 11266 -4118
2351 -6449 -7128
-12021 -6773 11962
5888 12026 -5773
8172 -2905 -5984
-11260 -9837 12023
-512 10253 -6818
10972 1310 -4367
-6742 -10521 10739
-5713 6642 -6946
9350 4297 -2534
-1028 -8732 8308
-7003 2669 -5916
4821 4874 -978
2293 -5137 5074
-4367 -23 -3661
772 2837 -84
1494 -1297 1574
-355 -221 -456
139 -867 -148
-2198 1055 -1635
1489 2151 3216
3334 -4566 -1133
-5397 839 -4037
-651 5974 6804
7832 -6586 -2858
-5086 -1863 -5338
-5846 9608 9689
10127 -6069 -4966
-665 -5912 -5485
-10738 11463 11485
8178 -3137 -6890
5613 -9573 -4602
-12185 10768 11992
2587 1039 -8215
10261 -11439 -3152
-9324 7914 11129
-3709 4813 -8547
10766 -10762 -1545
-3674 3804 9136
-7064 6502 -7779
7298 -7826 -174
1251 255 6286
-6229 5674 -5669
2524 -3872 535
2553 -1235 3066
-2450 2598 -2510
-94 -610 265
-21 -43 31
896 -1333 1263
1312 475 -974
-3913 3266 -2301
853 -4361 5077
5578 -1144 -2944
-5589 7207 -3637
-3137 -5074 8304
9326 -4640 -5396
-3101 10009 -3850
-8612 -3166 10504
9575 -8675 -7640
2628 10522 -3057
-12013 621 11424
5547 -11474 -9296
8517 8500 -1706
-11197 4713 11003
-918 -11953 -9931
11192 4703 -189
-6526 7555 9429
-6008 -9958 -9456
9461 611 1001
-732 7972 6995
-7340 -6243 -7596
4893 -1919 1638
2607 5818 4109
-4672 -2400 -4607
758 -2040 1188
1799 2067 1314
-623 -122 -864
67 378 -273
-1862 -1604 -858
1291 -417 3061
3206 4230 -2525
-5037 -3522 -2099
-855 -3173 6545
7626 7764 -5283
-4671 -2783 -2326
-6002 -7186 9096
9866 9422 -7873
-357 160 -1468
-10787 -10682 10400
7856 8506 -9897
5935 4338 -131
-12129 -12243 10367
2226 5343 -10948
10498 7929 1375
-9123 -11297 9189
-3990 1208 -10791
10923 9551 2497
-3407 -8177 7131
-7437 -2317 -9289
7409 8493 3088
1586 -4114 4638
-6555 -3724 -6578
2535 5334 2530
2846 -943 2096
-2729 -2427 -2997
-146 1390 928
307 76 162
663 935 922
1198 -1552 -1574
-3572 -1574 -898
624 4837 4548
5384 -2172 -4592
-5222 -5182 -1002
-3306 7518 7347
9087 -141 -7568
-2825 -9047 -59
-8721 7770 8994
9239 3711 -9983
2955 -11626 1332
-11981 5621 9254
5136 7731 -11458
8785 -11817 2895
-11071 1685 8424
-1232 10293 -11714
11380 -9555 4142
-6326 -2367 6709
-6430 10469 -10618
9589 -5736 4696
-443 -4948 4585
-7686 8171 -8269
4909 -1862 4165
2861 -4862 2331
-4966 4357 -4962
705 367 2504
2120 -2376 674
-878 726 -1166
-25 -34 -134
-1524 1485 -171
1077 -1126 2468
3040 -2835 -3398
-4691 4949 -51
-1012 -332 5402
7420 -6791 -6724
-4385 6474 987
-6112 2837 7279
9577 -10135 -9562
23 5352 2562
-10767 6844 7797
7451 -11436 -11453
6290 1992 4252
-12045 10266 7273
1899 -10260 -12151
10752 -2221 5662
-8950 11590 5860
-4375 -6939 -11485
11061 -5584 6362
-3167 10354 3980
-7782 -2820 -9545
7442 -6827 5946
1810 7073 2061
-6867 431 -6598
2504 -5423 4343
3175 3101 650
-3002 1293 -3034
-236 -2011 1654
645 208 38
439 -422 487
1060 1883 -1774
-3220 -292 377
449 -4017 3446
5195 4481 -5393
-4901 1799 1628
-3420 -7848 5417
8837 4623 -8614
-2417 5619 3438
-8713 -10226 6169
8910 2146 -10933
3319 9504 5388
-11936 -10153 5837
4865 -1724 -12054
9105 11851 6971
-10900 -7616 4673
-1607 -5748 -11835
11542 11733 7958
-6056 -3621 3005
-6789 -8114 -10335
9675 9250 7735
-215 210 1298
-8009 -7932 -7777
4924 5362 6287
3208 2356 105
-5250 -5320 -4551
640 1702 3654
2457 1871 -289
-1117 -1433 -1237
-136 -49 177
-1178 -992 279
870 1979 1635
2869 831 -3639
-4356 -4926 1792
-1182 3363 3625
7191 3986 -7177
-4030 -8162 3885
-6148 2125 4464
9291 8022 -9900
350 -9283 6144
-10778 -1304 4246
7188 11181 -11439
6601 -7755 8014
-11930 -5497 3191
1479 12220 -11656
10913 -4359 9286
-8695 -8771 1733
-4809 10716 -10604
11181 -135 9331
-2944 -9717 93
-8154 7261 -8463
7482 3021 8137
2119 -8167 -927
-7159 3274 -5599
2473 3838 5702
3498 -4687 -1139
-3252 424 -2570
-313 2005 2292
985 -809 -346
228 -1 115
913 -1615 -1604
-2886 1727 1399
258 2195 2028
4996 -5390 -5366
-4557 1740 3780
-3493 5956 2818
8564 -7612 -8422
-2081 -784 6364
-8741 9706 2617
8625 -7348 -10346
3619 -4801 8641
-11869 11803 1587
4425 -4620 -10971
9273 -8601 10195
-10724 11398 208
-2037 -502 -10321
11705 -10731 10614
-5894 8748 -1375
-7213 3389 -8623
9727 -10331 9749
74 4716 -2286
-8311 5306 -6085
4886 -7581 7611
3527 1072 -2394
-5522 4719 -3396
585 -3662 4394
2791 -627 -1471
-1342 1795 -971
-272 -282 550
-840 343 463
691 -2133 746
2687 1016 -3318
-4000 3530 3126
-1255 -5304 1436
6949 -394 -6617
-3649 7506 6037
-6197 -6253 1177
9009 -3775 -8838
724 10491 8705
-10744 -4576 109
6829 -7876 -9814
6816 11266 10655
-11807 -912 -1381
1104 -10895 -9520
11137 9503 11481
-8554 3229 -2894
-5209 -11667 -8214
11279 5854 11020
-2631 6274 -3848
-8440 -9901 -6020
7460 1741 9242
2479 6951 -3929
-7446 -6314 -3690
2440 -967 6316
3850 5006 -2968
-3493 -2428 -1555
-431 -1318 2646
1322 1334 -925
37 29 -73
742 917 -1195
-2532 -2412 1960
156 -39 468
4775 4724 -4610
-4195 -4528 5200
-3593 -2631 47
8301 8356 -7050
-1682 -4028 8228
-8767 -6630 -1128
8296 10247 -8321
3870 -1262 10620
-11780 -10279 -2754
4056 9602 -8341
9505 2894 11871
-10578 -12099 -4391
-2411 6644 -7301
11840 6637 11836
-5575 -11432 -5462
-7491 2559 -5489
9763 8522 10475
419 -8509 -5650
-8628 -1082 -3450
4904 7706 7905
3904 -4492 -4704
-5775 -2711 -1614
490 4705 4521
3124 -1189 -2666
-1545 -1636 -366
-425 764 826
-496 47 362
547 1600 -35
2479 -2322 -2575
-3659 -1399 3863
-1390 5533 -664
6689 -3171 -5152
-3298 -4917 7248
-6251 8389 -2066
8684 -1350 -6608
949 -8839 10038
-10709 8901 -3841
6419 2412 -6883
7066 -11640 11722
-11678 6982 -5750
660 6517 -6081
11307 -12115 12133
-8319 3169 -7010
-5519 9305 -4511
11359 -10103 11210
-2345 -935 -7383
-8803 9757 -2721
7503 -6403 9063
2827 -3711 -6562
-7724 7678 -1120
2344 -2484 6032
4157 -3867 -4610
-3705 3950 -138
-582 -76 2593
1666 -1566 -1555
-135 233 -7
556 -250 -694
-2191 2245 2102
34 -1814 -887
4527 -2888 -3278
-3863 5816 5791
-3646 -1247 -2559
7999 -6830 -4823
-1444 7561 8932
-8758 1775 -4597
7930 -10323 -5218
4185 6690 11052
-11676 5778 -6768
3593 -11887 -4635
9751 3508 11908
-10383 9381 -8278
-2744 -10972 -3153
11963 -688 11428
-5306 10980 -8909
-7844 -7846 -1552
9811 -4200 9707
732 10008 -8368
-8923 -3762 -136
4812 -5689 7074
4187 6883 -6575
-6013 -388 620
353 -4514 3953
3474 2916 -3627
-1746 703 567
-607 -1225 890
-149 -121 67
412 -808 -553
